1659922842560 0.2367211878299713 0
1659922856734 0.47320428490638733 1
1659922870169 0.5671737790107727 2
1659922882720 0.6185272336006165 3
1659922895481 0.6531676054000854 4
1659922908735 0.6832131147384644 5
1659922921794 0.7047829627990723 6
1659922934851 0.7211627960205078 7
1659922947979 0.7300192713737488 8
1659922961468 0.7410184741020203 9
1659922975200 0.7506606578826904 10
1659922988485 0.7617074847221375 11
1659923003326 0.7688260078430176 12
1659923016847 0.7739923596382141 13
1659923030232 0.7799919247627258 14
1659923045841 0.7842296957969666 15
1659923059265 0.7891340851783752 16
1659923072493 0.793633759021759 17
1659923085672 0.7991334199905396 18
1659923098834 0.8038473725318909 19
1659923112143 0.8079898953437805 20
1659923125263 0.8112039566040039 21
1659923138584 0.8136799931526184 22
1659923151989 0.8179653882980347 23
1659923165266 0.8211794495582581 24
1659923178445 0.8254410624504089 25
1659923191541 0.8261076807975769 26
1659923204868 0.8320834040641785 27
1659923217563 0.830869197845459 28
1659923230182 0.8335832953453064 29
1659923242999 0.835821270942688 30
1659923255703 0.8387972116470337 31
1659923268434 0.8411542177200317 32
1659923280973 0.8432493209838867 33
1659923293571 0.845272958278656 34
1659923306199 0.8477251529693604 35
1659923319272 0.8485584259033203 36
1659923331955 0.8484393954277039 37
1659923344778 0.8536056876182556 38
1659923357498 0.8547008633613586 39
1659923370517 0.8546056151390076 40
1659923383387 0.856986403465271 41
1659923396165 0.8616051077842712 42
1659923408770 0.8624145984649658 43
1659923422330 0.8639144897460938 44
1659923435852 0.8649381995201111 45
1659923449786 0.8659143447875977 46
1659923467001 0.8686284422874451 47
1659923480796 0.8686760663986206 48
1659923494258 0.8707473278045654 49
1659923507263 0.8679141998291016 50
1659923520845 0.872890055179596 51
1659923533544 0.8757231831550598 52
1659923546638 0.8804371356964111 53
1659923561649 0.8781277537345886 54
1659923575204 0.8783896565437317 55
1659923588283 0.878484845161438 56
1659923601433 0.882603645324707 57
1659923616277 0.8835559487342834 58
1659923629571 0.8823893666267395 59
1659923645847 0.8875318169593811 60
1659923659438 0.8853177428245544 61
1659923672834 0.8878889679908752 62
1659923686228 0.8853177428245544 63
1659923699485 0.8881984353065491 64
1659923713295 0.8882222771644592 65
1659923726375 0.8909125328063965 66
1659923739922 0.8898174166679382 67
1659923753805 0.8918410539627075 68
1659923767717 0.8929838538169861 69
1659923781480 0.8965073823928833 70
1659923794483 0.8933409452438354 71
1659923808193 0.8966740369796753 72
1659923821514 0.8954598307609558 73
1659923834565 0.8966264128684998 74
1659923848253 0.8974120616912842 75
1659923862007 0.8988405466079712 76
1659923875662 0.9000785946846008 77
1659923889053 0.8966264128684998 78
1659923902065 0.9010546803474426 79
1659923915165 0.9033164381980896 80
1659923928654 0.9027450680732727 81
1659923942307 0.9036497473716736 82
1659923955941 0.9023165106773376 83
1659923969885 0.9063400030136108 84
1659923983019 0.905768632888794 85
1659923996770 0.9074113965034485 86
1659924010476 0.9073875546455383 87
1659924024028 0.9051734209060669 88
1659924038079 0.9078398942947388 89
1659924052175 0.9101016521453857 90
1659924065742 0.9077208638191223 91
1659924079219 0.9108873009681702 92
1659924092400 0.9098397493362427 93
1659924105249 0.9121491312980652 94
1659924118414 0.9109587669372559 95
1659924131536 0.9114587306976318 96
1659924144540 0.9124110341072083 97
1659924157553 0.9134347438812256 98
1659924170923 0.9148393869400024 99
