1659922842560 2.4952046871185303 0
1659922856734 1.716299295425415 1
1659922870169 1.4166145324707031 2
1659922882720 1.248712182044983 3
1659922895481 1.1427977085113525 4
1659922908735 1.0426537990570068 5
1659922921794 0.9818977117538452 6
1659922934851 0.9291539788246155 7
1659922947979 0.895833432674408 8
1659922961468 0.8596310019493103 9
1659922975200 0.8265460729598999 10
1659922988485 0.8000710010528564 11
1659923003326 0.7689289450645447 12
1659923016847 0.7536243796348572 13
1659923030232 0.7343848347663879 14
1659923045841 0.7132591009140015 15
1659923059265 0.7008107900619507 16
1659923072493 0.678989589214325 17
1659923085672 0.6663210391998291 18
1659923098834 0.6497147083282471 19
1659923112143 0.634120762348175 20
1659923125263 0.6239477396011353 21
1659923138584 0.6174495220184326 22
1659923151989 0.5989447832107544 23
1659923165266 0.5913788676261902 24
1659923178445 0.5787534713745117 25
1659923191541 0.5735382437705994 26
1659923204868 0.5526419878005981 27
1659923217563 0.5552822947502136 28
1659923230182 0.5471318960189819 29
1659923242999 0.5350935459136963 30
1659923255703 0.5209813117980957 31
1659923268434 0.5235905051231384 32
1659923280973 0.5151183605194092 33
1659923293571 0.5096074938774109 34
1659923306199 0.5014923214912415 35
1659923319272 0.500800371170044 36
1659923331955 0.4889707565307617 37
1659923344778 0.4835958480834961 38
1659923357498 0.47962528467178345 39
1659923370517 0.4711167812347412 40
1659923383387 0.4738617539405823 41
1659923396165 0.46255970001220703 42
1659923408770 0.45413967967033386 43
1659923422330 0.4463930130004883 44
1659923435852 0.44139787554740906 45
1659923449786 0.4404941201210022 46
1659923467001 0.4346374273300171 47
1659923480796 0.42682474851608276 48
1659923494258 0.42316028475761414 49
1659923507263 0.4273654818534851 50
1659923520845 0.4158058762550354 51
1659923533544 0.4054386615753174 52
1659923546638 0.39449623227119446 53
1659923561649 0.3974525034427643 54
1659923575204 0.3968679904937744 55
1659923588283 0.3926546573638916 56
1659923601433 0.3866346776485443 57
1659923616277 0.3816819489002228 58
1659923629571 0.3816310465335846 59
1659923645847 0.36722272634506226 60
1659923659438 0.37166881561279297 61
1659923672834 0.3685093820095062 62
1659923686228 0.37123700976371765 63
1659923699485 0.36265233159065247 64
1659923713295 0.36106783151626587 65
1659923726375 0.35437360405921936 66
1659923739922 0.35571980476379395 67
1659923753805 0.35591378808021545 68
1659923767717 0.3518858551979065 69
1659923781480 0.3426003158092499 70
1659923794483 0.3497261703014374 71
1659923808193 0.3405553698539734 72
1659923821514 0.3353274166584015 73
1659923834565 0.33460214734077454 74
1659923848253 0.33476415276527405 75
1659923862007 0.3266696333885193 76
1659923875662 0.32614389061927795 77
1659923889053 0.33459004759788513 78
1659923902065 0.32729673385620117 79
1659923915165 0.3177652359008789 80
1659923928654 0.3186085522174835 81
1659923942307 0.3136427402496338 82
1659923955941 0.3173014521598816 83
1659923969885 0.30845797061920166 84
1659923983019 0.3082858920097351 85
1659923996770 0.30485138297080994 86
1659924010476 0.3031129837036133 87
1659924024028 0.3045436441898346 88
1659924038079 0.30047401785850525 89
1659924052175 0.2946811318397522 90
1659924065742 0.29913094639778137 91
1659924079219 0.2920873463153839 92
1659924092400 0.2959277033805847 93
1659924105249 0.2898596525192261 94
1659924118414 0.29318347573280334 95
1659924131536 0.2892695367336273 96
1659924144540 0.28708887100219727 97
1659924157553 0.2843433618545532 98
1659924170923 0.27645641565322876 99
